3,2
3,1
3,3
10,102
10,74
10,223
10,247
10,263
10,119
10,165
10,295
10,2
10,3
11,8
11,11
11,20
11,23
11,15
11,25
11,2
11,3
9,5
9,2
9,3
8,15
8,7
8,2
8,3
34,3
34,2
34,1
34,0
33,3
33,2
33,1
33,0
32,3
32,2
32,1
32,0
31,5
31,4
31,3
31,2
31,1
31,0
30,4
30,3
30,2
30,1
30,0
29,8
29,7
29,6
29,5
29,4
29,3
29,2
29,1
29,0
28,4
28,3
28,2
28,1
28,0
27,5
27,4
27,3
27,2
27,1
27,0
26,4
26,3
26,2
26,1
26,0
25,4
25,3
25,2
25,1
25,0
24,4
24,3
24,2
24,1
24,0
23,4
23,3
23,2
23,1
23,0
20,3
20,2
20,1
19,3
19,2
19,1
18,3
18,1
14,3
